7599729921
31463965
516327216
1420058294
6068044204
28814355045
208721547
2117462744
44466814599
638249377
214804142
1233840523
230106608
4201514698
5055593502
5327737478
13660787
28813533910
1602995457
354741939
8387775
5835759
3205642287
205206049
668998710
21768008467
1559956268
725284911
1313398288
1184131920
2439165108
15940038
14017693225
1730842136
9776253499
364388252
3445417598
1500311596
6530863086
2768636
322162238
869161670
224509378
29883310376
6064587
8341812657
44230913709
9019774590
32503611697
425340549
277350181
195025823
311112804
41131872996
6665423467
37544167637
46247426869
680874438
25762604
3487013917
14488622114
3105156697
1364817425
1260642855
7678737
4057413459
275425959
2957916428
8000877898
284864695
5968693500
2100481955
183523514
5726975068
10130179314
39246043067
620675616
1292997954
29753537
4446073703
195693108
4249280664
23517043
1700443100
331671343
315774521
197118341
32032641097
205944553
44853104039
2894565976
32844616
1601836280
264536361
1636196268
2341486055
4633502229
1341136039
674949103
290130926
8162099834
1096489105
305895434
190676955
1453853454
10803921220
1532015694
31724873879
8205113807
4049085191
219998495
178479930
11121264983
48857896485
38753990584
180315402
46390959783
232828466
4115260934
1175490680
6867482812
287687223
1402800772
248213121
5719937477
7938194775
47470722021
1337030594
46186083455
1013905393
612289240
457047061
2175644194
32800632146
271512755
45333059090
34151548433
7730627345
4066629528
4271307664
39988350920
1442984573
3916077117
5947778
1742938580
1548408594
27413876
45480909327
1649717870
214929280
6846148313
2199434
27472168138
29386805
1313086810
276404866
28368598
709331953
1924923070
2215210359
205899854
17669408
2243585238
725026499
25896414
461788237
8230230936
40282989
850496789
297883345
11045714895
300734310
42435001
2094975599
1275879321
380609355
2109895818
643786541
39394169834
2632237411
7858840316
12895045909
34674656
263219319
983184166
34906197708
16531260
1751354228
48281219952
19221139173
31299133266
5765038227
45077022268
6017960924
22121322
47799342966
487093357
7346059928
6084036124
9094786
4214547184
192110867
10324378499
3864370084
7476860972
4829358327
6286085515
185643585
2308951365
321392919
4490485410
16099781396
2097110153
1719724401
43836923195
557826330
1352546197
739972360
453386778
11429432626
2133096132
202515652
42651813772
46563780897
12286528665
37561014
403664377
4094610297
189266001
7077106946
501943749
326723548
210423677
374810783
220662742
40643135963
3761080943
38291942806
176667509
45422635544
26480841196
211922759
4044027526
6934299
5370596903
1581542167
879122684
29442947162
283160907
27571448
5938844491
47386172290
965354402
235842415
286435085
1407294904
1445213426
192495844
37692548776
13999619
39166467548
474111353
19036080
7781146127
36974485750
292183828
3961744695
1043434007
6920120015
44793615592
28842894
454400199
45079501525
240243172
51795795
1447167926
201682393
2027292188
10574599941
200075581
427753272
4289348630
5261641751
46361904084
21068090787
21092490
33791624328
41111710866
7210457239
517730217
219506051
30244309881
46296753081
30393065456
15120723570
273152240
1431808921
1216581702
176286599
39508940708
5749979928
26501377
10263548412
180557457
3860457579
3304657993
3535452874
