2533821187
1122369284
7302077466
261531876
1787113430
22671846
1466223572
4169984298
207401115
1993135918
34778457
590792512
16579427794
44181123776
6039538090
6627980409
5525415086
201383747
47121414719
355110029
3697075573
143682731
3020734180
13716426626
195537735
1494185596
8948924478
2230076216
2176436448
6111369052
211309956
2118217003
417619320
635259619
397129236
512268644
187758686
9379531067
10123395908
1527433134
9225030048
527668034
2945966881
1424392548
18371824682
338204544
12808484
189275470
14825719314
10987616684
287761816
6763685133
8634415614
1506395320
37936152344
7298295467
8542459922
9196484933
8100003596
44568902744
1174126701
19684133
19847571506
177105790
9407032751
17311003273
224468528
9665832930
46918288
2314441127
247566274
718431482
29155144274
43173506
4945387990
282608879
17190554372
19981763
8467164628
1203288914
211894838
8189462020
8629410357
12651736266
890830745
195391282
2980743605
144709056
42331192157
334803959
467262864
216108954
48412422191
7922221216
1530399907
4265998450
12163895479
4289955310
201761625
1801527672
4070013640
5699922326
446759681
5522562076
24661067
1672066812
12482599762
7601708005
5671907377
344045042
421779233
228226129
532453457
4940452895
1179906463
636129996
46283628
4574239625
3568103862
17299958688
6447436992
576832896
367541614
180614966
290980299
792210733
38561218717
298081243
5793696246
3542278024
8496139111
2202310904
45215130799
1102752935
640478938
2325497013
1935167658
4326018286
39671838357
349003203
3226730435
1775688605
1369169127
209864852
3240796777
5556022023
7984795950
410333980
321540648
7883915518
486738099
28490635360
175642017
5340338826
2100447842
3536688414
1742911523
7982862831
351571651
200363149
175045848
246797965
7462814383
40423799810
459797405
3982983724
13291794420
1574594911
6787524484
4513096742
1603215586
18395772
363874064
259943749
307620348
3660441508
5647498064
5788722295
1567538755
310474482
1765860483
1663435367
2263700047
4847987000
4772826385
1480575493
5778195784
2038774076
43282094
243017101
234261757
1546188817
6274936798
184967845
6805907814
4959897394
4352945636
45312659477
6337114058
7229400252
1721130743
33177697418
4193897081
44204731890
12888775429
28943918381
29529615287
210587212
45178133443
45180487263
8036330968
240398069
2257684277
39540274211
38676109
44742461716
36182034255
181103644
1370358598
321630571
45088658511
47614894513
42070445248
13209813474
27698218
20951993
12431203083
2210121052
1348971010
223271750
8418519649
45612884584
4468237547
27477580717
12251096445
2317353015
208444005
2219195516
47138473673
48113051641
6998065916
35929793034
178261584
38955944706
12608137271
39024234233
939580738
230724657
1679216744
4055526189
1324307
3115806805
41185649836
11089674955
35530196310
46127396343
3521440706
215351752
39368191324
1030466123
15246047
3267211782
12546884441
465292227
3182967302
47634692
255394401
23854481883
48970842447
360536560
20519082864
310774678
49148792823
191427111
9011989943
4308043185
481959194
8233164388
31519149948
46226544733
51322986
6616535315
39931067272
292083195
104874878
13331028051
1410593602
12865982066
1593580364
12269765
190648501
47968845712
49146746525
175432531
36305657474
24504669
36182057544
360609046
6943254926
42847889039
5668716647
47736657972
11050825167
174219109
12782594153
569424295
48328555680
1831328397
516988030
36309792877
13144162479
2287929732
48511244273
32177626155
444641803
12776679287
255323943
9776638721
13142434571
38753567899
35197343
212597524
12667256724
3887623621
12346352158
8002650218
1080801618
8457806194
13239537361
8032787011
9029684020
43846659
12508102975
4152640270
39762114014
354409487
47693139613
8318466934
4409202150
2236874864
20295804397
22221892994
8561972
41123501639
29546352133
19265393
276434781
30154334
265115950
40703794676
43543709835
35936944127
44829064302
23408088
319978121
5723351437
32545970518
5431851816
1941396163
216251234
1709877979
6173062228
242325803
458675747
47703053444
255433919
5625516357
5602042388
37761188
263474838
11163704044
3307100
12345491813
1906293149
228799554
13445156938
12335791054
2991678780
2024326208
962893442
241978991
3979025510
28928358011
2308023499
261793510
54627088
1784472859
210057257
14267102685
2110441915
2069793122
874211259
35954009023
12727513301
269032574
47246112202
194431865
24874945524
32534537476
13494114636
1655735178
12783380310
47882573793
41880938505
212458788
13146612712
628021934
965605049
36276011151
35344006837
36301002221
239832719
13092757648
10263853997
40110215726
1380023655
1528743739
12628076279
27614682004
13042067663
38551452267
13102968953
13452339681
13142213724
40212716912
4022327124
21701932319
35767413893
13268173846
173549976
2203570318
35607681091
336494382
24997428122
1713647694
500798491
9789126095
12606852972
1067228511
13004024079
52588502
7729518664
3645380190
12509307493
13288568197
1169546426
37248356888
38533306541
13327131459
7987165854
12501263265
21761852981
265760895
1384261663
11466009301
2273735635
42155318153
36290554296
3216372256
26320932107
1598747282
34813640078
44696870510
13349477631
12660526755
36274094075
295337445
370239403
33926534355
12874342998
12736724404
13292162204
47392243
15072423682
372429628
8654962845
8529596
3567959003
1376185804
696681088
294655184
8623670041
1154908017
44021891243
1480465978
35922289851
3258731533
4136372142
230455372
177262424
505678337
21231982975
2304677527
925697015
9241046453
12412516370
46910144959
278318222
645847723
47884113102
38741176
46909624007
10484054375
13457660471
308882087
1648654094
28091629819
1564090886
36482291795
677863391
6364821777
13954817309
6174365378
45408485464
2361794699
36500920866
285450352
8000097189
38961473560
24987785125
36082806038
43963904870
12734544668
13764731547
11138465887
17787144
25062937780
39710062248
48019762783
12815052589
245756132
44082526177
8756576195
12528861695
4947157060
15853711967
474368404
45080833790
7585069876
3501784715
342520322
11882214431
245490029
204555685
40754627256
3107550325
5644769204
12374431657
44662285932
4032908889
618369952
265070228
442793933
24863944694
45621461569
4119492810
13460196156
39516143883
12730044963
13315718075
3004858193
38076356025
42678356602
1635797487
2143769160
13065307505
3450590402
44375523
1451380152
243400654
29547576
7928391683
1053103904
279961823
1455029761
21895043
12911064558
45386319731
206352920
9605180036
605995037
215236756
7891665136
48509541287
52851104
14978188
30651252
21245645087
39219550584
32817299592
6882181138
1272508314
1551462421
145779070
481209389
47803047562
11900724808
12066689800
13349528957
377021423
239780264
235659804
12626803115
45066332283
47474698570
6793000919
12272743579
55636478
522247196
12669087517
48989040727
1139076591
1646676991
343241636
12729992926
5431269406
549427258
269257405
36306857059
38715932596
303424618
30566091326
5701597365
273063373
2097814908
43367503
45396029506
3135171692
190959921
3282247570
36095617063
47658854767
9530101568
12736184394
13246847145
1819337697
255367615
1937009631
44741486257
282415091
41231873286
12328118751
559006092
628092093
5980007840
12362599763
12582922461
10885302145
3126230629
19738251
25671190
1536227823
1727176044
1418254892
44542232630
22698679
20804264277
2197555086
4394725231
201321747
44470936913
301847286
8979612141
1621024461
12493772672
10871229428
32994188718
13262498372
46207370888
12856433683
38721796620
1460499655
42582423544
44039482927
248046345
1815217948
42637380423
402669006
1784912411
36300034340
214751891
44931982355
12597512923
1189575653
4586331280
12763155427
3008244808
43051642299
222805518
340270991
45170517432
3627330137
498370425
264979058
1541817528
44307310661
14683164165
43629893372
1316328081
47186976960
6455018129
5865392970
12547272540
13260685482
14473902914
45435522
202077458
37989878
8503525
12495831712
38095069677
325268888
49072920871
16762515
191435674
1122157648
39466191519
13042006884
19494051214
288887127
32934273446
41233552725
28195223
8513425303
35293301
513676392
174980728
261395197
305223841
2707716
45842888608
5992320054
14650643515
5620097630
1482155399
12516478247
863732374
36192696
6733329303
32923022755
33612876718
2337356843
44032099633
18832552
44483218086
1717636592
10633754
13231511200
464436832
2955313620
12890711289
296217899
35706022144
10025132
46717378
513493314
30406458309
1400304879
207604193
383556295
262731518
50076102
54495378
14375394
4201513578
4697847963
12992428703
5613162710
1819163916
47908117922
11156866241
12607039063
45224264718
12116425069
13146700449
226541325
38108505316
1819271691
4683288340
2355028439
13241744495
44793449942
2407612913
3950459317
2350387386
34712802028
5994246572
20093113
32341017247
206701693
199973667
12598305208
28397045
5354606230
15773033046
2421620989
212301309
1163764809
725424564
48736960488
48434539452
13462588727
7270383443
6947054512
32760300642
36109713536
12727383067
18198666
12378208910
457236498
2231459761
30621021207
249722301
195593562
12264255326
10096834662
34962053612
6902505927
187330335
21933362
45176361155
36091884786
1554695807
13125704643
39761435268
13138472233
34679334896
1380764655
46711152937
15375305829
7975259423
12624378263
36290251486
3708987484
12582169442
39337821554
4623347115
46592153395
9916372852
367483728
12741064477
1297621862
177532200
7117483853
47978324425
45087173908
7650092984
5986866697
6101073959
5654773669
12723680613
271330956
266007976
763390195
48354957
4083353863
31731941709
33840835312
652213
13271819990
5586310073
13775780
23449872209
36056063934
264096038
1437306749
5669457062
145584288
12507457168
48018409646
35200636611
35243490
31599194004
7188086800
11894469664
18762637
12504910963
12534489804
239146754
1391596948
422037366
2295740669
12993653735
174136632
4160089322
433826114
8272673943
768437244
1447479682
1425371448
5923978003
2133725706
22120519
42599302949
225930742
1528925963
2214561699
9786708311
13264618099
13452273150
29926530386
45381300926
11359873795
209198258
35895956482
26110834887
190804064
4545900798
11354277704
12399668705
16973080319
45645729461
35907291014
29467273552
13003673265
181439873
12245376433
12076458560
4392736122
369720015
1681255788
185663285
36134144078
243383079
13297021432
593425162
9616092412
13347602781
177395375
3402999370
10713409
5383432541
10834508883
532476411
3403281590
43252688328
12777909011
8253506233
4639552821
12372960119
2191672258
14434859859
36302153636
4174544306
238823479
386482883
34703253107
11522338964
35704300417
38570977688
47581942442
195091392
33536257
29560129406
23561567
6850562293
8072013937
38543003
6206526114
52076461
3688664222
44970858041
221543726
48729257820
40401315394
3269337336
33783878749
36639014792
7914276653
32971477121
48706284
27306385480
7113727943
180339032
34203019535
45437516129
1423369960
6303429504
13106109695
1636887077
2988679629
362530
6651657310
18023448
33296179511
10876620
5742993181
1972731842
36097419921
239884161
182571490
481846960
48871104705
178455999
52743659
10109229080
45029128663
12521063115
21412328281
42910725211
13089556021
607808040
1511011991
3017701456
5477755350
11909204540
13046217727
227020016
242591111
6206931965
35702358060
13257567224
36532802134
3931980555
31866885
22135259868
2259004609
36091372781
8952725449
195634879
5679499065
7012022565
1543948735
6840776621
12596093372
16202310
2232699543
508412358
375092503
2123890
8561984676
8365290858
2136293232
387849646
450646184
26812858597
13305484253
3055172513
201051577
297852397
4128790265
8761134288
265983826
861116490
8445789
2037081278
224158643
12912029486
36486299104
232083222
1374217649
1598098117
12340205143
36081693185
7293696346
24944168
12507992116
5692767392
13277730771
6789387166
179127083
40632356122
3469216388
1279902359
29332594
11892041357
181479498
10705354966
12594488551
4338279238
5697500252
18217591
48379223063
1264339826
4156517043
253980550
7097465254
210211347
13323660672
7629200430
700753506
13447153915
3214803701
8319927297
12620732020
44791134557
5624399096
3136282956
7041476776
35868642136
183217739
1118954033
4379002797
183507077
55070665
35709822055
29089702997
193802658
3519107715
2094571608
5937630408
13448032992
41067567535
6339951989
2186654828
38813901505
225277439
35931216748
9738452
267790403
14514082898
146284843
12164164607
724319241
12346946700
346059627
4133048011
12433330300
30598712
12548701171
319751829
8487178784
18492108231
359955157
24298784
9235130234
45606871501
217575563
2021394252
13267348547
1309992583
607403340
13247452001
36116208940
12540469347
42560176873
490862357
272650867
12790230487
330717550
12599200462
25119609744
192016710
11910556267
37054265237
10730200
35789034026
47553632667
1685376979
31679437
38217672
13479251870
20180843
16210449035
1369964686
6281661
3041262040
27752023
231736108
1633101866
4318556495
13147971875
3932234846
1923786294
3321120637
35327929376
12991291310
374028652
12343562799
12003473036
2084539936
33386487842
6032220998
36280772898
12571226279
1665288649
7516235537
28626597
2106678079
145299000
1597632784
35885318220
9772919
36271534588
12486688987
34750320
8737274281
28976300830
40760317432
45868011502
35713565405
234215165
1414877953
8200294238
12379920
323368410
35863292082
684250356
44265356271
515032371
477104123
48344349614
573965742
48443495481
10243123
7647479211
29338963184
505787442
20694812532
2303195778
42166639095
1453807323
11076342439
200364014
3412094604
13879060
34164925518
222488269
856243
31447525732
1620870366
5966024586
286896821
221370667
21705552850
6018901817
22139904188
38233788628
12573815042
7860830567
12738569006
237098270
1355683671
44917123414
5441045508
7343177
30852907
16004656
35920377896
35917578176
14413786014
278649001
45301319686
36872156074
1382054013
264919219
33781290929
20540660389
48405005191
2060621778
180681348
31809988
15298578
1695588930
15923067357
40018311810
1295199807
39696734751
1793964695
9626110268
44037170566
28658873
4524263408
1996716603
1449847063
28237683
12896416464
4250731143
10239649332
35647194778
1518375114
11435275931
12660143022
38770910440
1403115475
4609608820
228059357
38548811451
2465657288
40852247327
5321512069
35704375015
3045239938
48967353112
28697341643
2616977029
12583434136
35309772678
36179688
48364676795
30086789
12389778562
374713867
45617268465
26339022871
31838432
13138076493
1636764859
12366495597
10503147605
7488427014
1725250006
12778411549
5806685935
420651440
548747482
3417084544
29353683964
27152758
12520431885
1072527528
45085210
47492884894
739747230
34484247227
12724921373
35999087
1538550772
12631422390
12546392148
193328030
28546284
25571490646
22390040
29693466
42379957018
525513073
4251489615
233894762
217693409
1388935193
30963309
1382992307
4230006629
36975881222
198320270
1530645171
12823915157
3221798085
856402175
233037043
12991523342
181950371
579647850
12528309337
1653224946
17193114867
3652068267
9071415098
41059931203
236426700
48177975321
1491908299
4201208678
21896939176
621895682
6778390631
40149464153
44615247846
2085913954
4362434699
24554548
35412338178
40495286362
29919250373
19572077238
47705465777
982608151
9878795283
23305181
624369742
1212496012
1618647900
2331789857
3206970739
527203231
12343821199
1404046633
35546832670
5641156570
3526319233
12429754441
46979763864
4583412965
1935170091
2354044413
7631084379
26282719
45458076275
23520061107
2983480014
230573471
48986330993
3961194642
6303242390
39538140035
32709439
11986121
21994209839
208575024
2561130
1754241620
37021081742
37154316
35932048274
6051792
12782721516
45868090278
1714783592
449860801
144726400
404613144
47681069215
13266583286
8278183956
34875053579
11708383
45065013530
9040246654
3989948855
33901861306
205250671
44431804105
1990724154
8434029665
3477345754
3940979
3961028588
8032749687
22497398325
365915885
28505819915
36081710067
6137696102
13310998265
13005812
175506956
8768793182
1694662664
189655089
257632826
224907593
5647236325
13204723778
363459911
44796409448
5428740480
32566988970
13332218799
12651273477
16877512184
45651491578
7888767594
8623391599
667540566
6687369003
5742944312
192007096
12737680550
258480839
12971434948
486117578
13005120119
12878332
1621140206
180266073
603095644
4703284204
8954922
12763749909
12539452681
12618877212
216708403
33942247545
55776752
36067278042
31572810146
14640723511
1539589020
421171439
7668036554
21678368
48568483024
1549944155
48255614292
12406940029
1811388113
1832387102
1303296246
223091504
242959557
40412787
4481187915
2292317187
6381756605
12522839038
1057797669
46801397393
44761198526
12598853198
37548148782
225183362
25820510
536264872
6665487951
1464858040
8041249089
237661083
1834616533
5625157000
1011338537
2108167674
22396592
14659812
194930414
37070998059
13350129
175355839
11413027829
46402868633
30625365088
2291301917
4518959805
49205216116
3309858319
12399198085
5339145750
9153851925
8939310029
544606448
38803499799
2667679982
289201656
12347189711
468251637
41001057384
1034567092
330054251
143652056
29581916020
48005477084
5778293740
1314294157
19545487702
216813760
45369245627
866782540
35840168668
6940439903
1458143552
2022559885
39926608637
43453821085
7481357395
730864180
224748889
243843660
7073900296
45789560785
13452502491
46902786060
222432817
403626
29498160
316964205
243712137
29527871027
42599172
11567888767
5699891124
559285960
2046230020
445891636
501881565
1780171652
9210033112
1458721732
36136093516
143623744
7462677505
10963655
26031247532
38568921203
325580046
225388082
13317724253
12354440631
4072833636
369861389
1387230324
143647118
12182415734
3970817344
15878028851
262110651
13461411210
620817215
39851136668
8965357039
567732424
4322742528
41802188780
43771131235
41040144377
1494211610
3234028632
12640044258
187357185
8333749906
42993022
1363748183
13085722808
5640755006
224969727
36081262141
299915074
4517123956
3225349605
19189681
17656015349
863208291
2319136044
1100073078
5646489668
41395168366
2262097908
196973866
3578623711
31259663433
190874208
642947268
11949953639
1841112
5642785709
7041834753
35656363210
12518055355
718201111
32258855417
31130782088
1540263830
5651172235
3142671148
654554768
44721742900
11665692052
3255068415
11879724840
145794832
180876467
1278799506
48350162594
8226083186
6403465731
3247176292
46020958047
18897101
48027090956
9166754978
18416767343
3175661402
2072416011
2014302
47584989436
16700781511
214261914
38738244585
45399217842
2894848418
9271038228
38963889222
145157378
35520508
21195772958
30375724803
14340766159
376275280
250301642
524800893
54284894
36269052749
12573194774
29625414482
545465019
181462423
4094507508
387291132
22730705
4625726307
46095361968
290998420
18041148088
5477960106
45232914653
240484848
4073541156
30790647
185881118
12837212649
7150491563
4849370947
1510425436
12071313513
5984012358
24156754012
33451664544
1556645647
217330687
2319579317
338456060
11296607025
5385422920
31707046
580317940
41572584
6254402067
260063993
176904627
317241350
36305457301
190511698
49031041637
1645521165
8251236642
12507338236
38830413495
28181468
1697394189
48987986615
597072696
17008465
44280880978
51839621
31518117628
47357227884
386496419
17455357363
815985862
12355940472
7016797969
316452930
251919611
12610383537
6597453992
440873604
44367099
1409486334
12975475651
194617458
586625617
4934537465
14707539752
1563966702
34958815737
9268825008
31017601305
9538745029
3925840716
14033015058
37108228649
34664679249
46498261246
7017896895
7460918557
320212362
2930627603
9612465153
36493010351
28252902858
34513024167
39715195005
213592659
13056935913
39972329970
9652789854
35888957804
35908707707
39164808318
37368056211
12030156460
13061737455
18269346085
12627070975
340744101
43689352
915987016
12855033082
6959642894
226235562
1727482596
45941315268
4646900443
45232476788
13474857980
2525202295
9170032797
32952639
4493364
3537883589
32811884455
548345546
5437194184
12490916751
257716692
3448089559
2541602643
343351174
48071764462
353638418
5939320804
12079102803
7977289656
8573533721
2219448650
34908271846
364696915
202195016
16252197887
12729921590
12412264515
10785966
183182587
42097086739
5512740710
275618875
45087103
43730839
12731856939
3899207711
1589140431
210693089
6075367
145742839
28093742723
5723993034
1601046772
12401577235
12788974846
12365656613
1266006823
45690792
27238812027
31238085
44052428
4118158323
7639537246
6353049832
22377852176
7965889455
760198518
21807749
5878833890
179561288
3675433636
25738239
46736899414
11124886586
34733251041
39322639069
42625680852
5562976344
33667303
36749765165
12551465068
2812949
1999101341
22175659398
1319744011
1963001335
12187427297
39442609
1450407319
47056890752
44128285885
508009190
7484696657
3927964433
38878492
7990948023
6295114
25783591838
229479896
40647297874
7125965506
582179931
41247087837
1244461779
13149895352
44068426062
6050899586
19287942588
12530178272
4465819574
317874920
622590084
277605716
13315862071
8101508185
248605215
5337558905
200322353
12357964338
41676895842
1492724952
33842948418
317624670
1648620758
4395146150
2056476302
223107222
46100442512
4347144514
438935088
12784810334
7238346255
4521347007
42514776042
601682844
12634165790
8010740353
6235365697
28801304336
33385082526
982751571
47807364747
1444337047
35703647091
36094740336
305972083
2178156136
8728059279
454099074
207361325
12621947573
47936454401
28956680763
42191106099
33540375
1821160933
3576550902
6901622473
47083520282
934188409
9367159873
23014209
2270099594
45814302434
36002178498
47443942172
1439651321
43235074270
1586738244
5984051001
302132164
31021880124
367771534
52553151
42738848182
28629120
19042994432
44089745927
38698293475
8131447436
5658035853
2133390019
7563285242
8382260604
345452724
13208519136
240305862
6983071177
1928022049
305094299
2874775726
36082365902
414554134
1808207292
287929098
251920770
43574237
1034381033
49120957
11542312712
6095357561
18024128980
1644561402
36078766472
42678332648
36337515138
55011448
12052712443
191910470
1623492851
44508116631
13119400530
7014388603
1403805079
5925024477
823461696
44502973366
1026991424
41409945
41107450622
7004095771
13318058813
4230457562
7158547276
6031564
3008099827
3214992218
1419063849
30747831784
35667494854
12963014533
2228829346
12509951695
16956629210
305167707
3557970088
4086802211
7639275089
12631282943
8382064678
4610929548
1965056255
48258805030
1809970616
917880912
1388273655
48344148055
421343581
176244600
8622263216
379904854
20737923106
1877739
35907507682
1550272447
13073959274
1646456398
35599152470
4442837829
239718129
45852385963
47155934600
39428219712
7811536318
264037924
6028178422
12331064996
9639731511
1812474264
257926197
1477913723
6797259
27917756
191266119
145358580
1408330578
6708020570
1644120876
5905519196
1251417448
6084721351
300890457
19064800
32385628
21351365
352675547
1425341993
12966388614
605903991
7073921681
32735262466
4312616130
12907781408
12415096082
12671859137
1465142115
12536204675
710696083
288921892
8453590638
234560707
35589560513
179100556
32614653
305861470
40740395166
184968931
7930622465
16631018
42163732212
15375242624
12524918057
1436241872
308804842
21640589938
4303385278
239925958
5885676278
12507523913
8622847781
260540522
10040126
46032751
7280304155
39424822696
6595284632
43390038996
183808174
45126564134
47254644867
12841524032
6261052
1348622493
180215580
35639978488
241757421
13797688452
20552224926
36290603208
7718068750
2245302126
30008452342
9993264
1436921715
44841393694
3937007990
35191851659
12326261499
3598973776
12033524070
2111927068
7998947570
46507425869
13445328490
13220537658
34963406529
3835370977
13287215866
45243799183
4125764316
12833809247
22415708
269574146
498327667
286060771
6004360963
29369650511
3050068784
9037319
48819757820
36503928025
3651053234
273233979
1523678842
27892489840
209129407
180109186
6991051449
187277185
13012887463
17464739351
1593184215
597578371
40008904
48654431810
43621127072
38457194293
12178590120
10352638762
4348645885
186759085
326160881
48656030722
224556584
47619920398
2017122
6418173523
366599884
45470616762
4522662607
20208347
1697636795
13214356302
22215082094
5430225390
239284126
44602892520
45493986227
28745404684
1496798753
1557417932
13309789692
42535224
1411539309
13272938537
26256479126
204566041
37256282
39617711952
1533938070
12284788332
19505173
36302753888
5531296322
37278668922
5429827827
12664368289
4536254018
394666310
47110101112
7051642726
13016583
36103546911
13284440541
13134754
13500888708
4175548571
227823717
47382891089
3286517765
12396674160
29416527065
4617296505
4949150453
6130780121
47457456350
3633028456
47899121216
12411365157
1505681990
627947737
31351907791
33663035826
13106945089
11338776774
17697129
13149698469
4502723960
45872699554
4912082814
44991631420
8661887908
193426271
428991669
8056475715
38167948611
12727838067
5754380713
10738287269
819985184
16605745416
27939519448
2114497398
319868132
35929432876
7600574962
2267593217
1741597916
43895190343
4609167660
8040813
13719755264
323914672
18160857087
42072129
12797871118
6473581
6783292378
7063969040
13308313080
282174369
1649131393
3033042007
12352187489
2930662003
180459970
44445021299
18658950
14336752433
21518477642
51453853
36306681577
47183869029
40597828157
33487387594
47700795552
14518687483
269700539
6574947752
36096323340
36269710891
557166232
19793640
6656965226
4291524061
15312122
4776884574
39912841668
258203593
48799316758
357243967
5351851386
41195246327
45615992764
45367465751
6907948468
43347789
1144272527
329803446
46384822473
420451984
251875539
202620790
267006517
212662010
251146412
12726808401
6886552382
22415981
45136911748
7969582628
44229963330
6282284303
8339146700
45401106000
36081622264
12997880339
8194101811
48643520981
45663678350
12655522551
8655480
6006914585
3079019777
36279741261
5008508
196774848
13313321603
1559081141
263770807
683518294
39571170352
5618690120
2923371423
30789820734
12297372720
12892766665
250476680
7079841472
7678388575
189229251
35590690954
2025616033
12055136630
5384288413
1385069535
364302841
5423413402
45149030017
4872394368
44925859990
19386190
